35698
47082
45693
7369
41485
27317
35805
33997
7196
46586
20571
42307
38221
36995
37411
47800
31141
32783
8758
32950
45476
27165
41915
45423
46183
11366
9123
1369
15734
6630
22058
45671
2861
34265
27385
47680
45592
815
37081
43823
1976
1259
48306
48710
38978
1566
2801
28415
18007
7194
42408
13280
44974
17766
8255
41466
27868
1278
41112
1215
33542
5235
10880
43357
1438
47078
36562
1995
5369
42220
17861
43839
12753
33935
22582
49114
6342
16786
34432
46273
48527
9758
1575
6937
18158
48733
36005
47389
41282
12834
42764
32207
32310
25587
7178
38377
7510
49509
35962
23678
34002
47251
21894
36611
22987
44826
48954
43347
19771
46531
25653
33331
39441
797
36569
23891
41673
41047
15137
27629
19707
25592
34914
12910
35546
21611
7450
3854
9852
1930
9061
37534
22313
22661
879
48668
45164
46303
49444
36278
13750
19238
23538
13017
47538
23757
14784
45508
25012
48951
13832
25294
23291
44242
18175
16929
1973
12254
35046
5281
49106
1033
23833
39245
16384
20184
2404
37249
49893
43348
46438
48181
9676
11694
29533
26214
39206
33056
13489
23647
11025
47042
27101
22948
9959
23862
18999
15290
24445
7072
49089
10070
23292
42069
7304
26145
41821
23232
9050
26740
12204
11691
36245
47238
49007
15712
19418
21791
992
1643
40544
33896
48694
10219
24532
34834
42530
31062
46302
9983
1973
4790
27296
15264
36047
46164
31543
45468
25890
46431
34948
39626
17781
20201
724
28684
7876
25727
4299
47832
10037
13586
8528
48964
44438
26439
12882
35581
48721
34759
23432
36947
29537
32755
26133
13221
27535
29113
43146
6644
48997
39820
37974
28215
41107
35554
24921
17979
28368
23743
44582
18100
10920
1769
18566
14309
3924
2329
18857
3992
49112
4861
28808
27514
42773
5596
16758
23558
12559
18903
38741
11068
27688
3032
7636
12494
48027
22090
32646
2391
13957
39925
8734
19464
19678
37924
14854
12177
37014
48773
271
35080
20698
21388
28259
22009
12197
11252
49238
46730
39715
12836
32107
14153
43345
6985
18595
20660
16432
5717
48192
18357
42569
24996
30312
7128
35178
35063
32532
44219
16718
43952
9144
34481
13003
23272
34269
9090
47029
14320
7962
17507
3024
49714
35554
36621
1459
40963
7990
21309
20679
33943
24107
21975
9198
44513
44374
24471
24833
1302
31668
19814
37778
13773
36950
30166
32480
4069
22330
907
12073
38658
29925
13733
8250
9062
15612
7134
38481
48952
20289
37228
49540
1844
46986
11507
5338
7903
7694
47178
36854
23381
41881
44745
42773
49504
44527
20316
14061
44519
42445
33046
19605
49073
45019
14054
28180
3396
13933
6990
41025
12463
9593
4630
16809
2144
40147
14764
8784
194
12819
29957
36846
35223
12265
15557
17979
29278
3991
16471
23573
26609
1260
1241
3501
44958
15680
29144
28003
352
23323
44275
31814
569
23921
29390
9229
29598
28904
18758
10243
29327
19578
14971
2701
47954
869
49823
21223
46923
12736
25674
36621
20025
10409
20983
1078
22207
13945
30031
43162
6110
14504
30080
29620
3868
48845
4137
45298
7604
37326
23045
2217
12634
30438
9217
44774
32248
38676
4796
12191
5353
272
45194
10904
29025
1720
44021
17170
45192
29625
17216
14733
6658
1674
17817
30670
33772
32161
7883
16684
36404
44761
22749
20085
12549
1547
5371
33421
47678
16777
45471
17558
2830
25370
27995
2299
29951
26879
11285
44982
3356
35076
4175
9986
43312
41490
46499
46746
38412
36146
31912
44304
12580
26668
33523
12762
25014
28445
38876
21943
37912
13447
22123
45744
20254
31458
29024
25321
39285
41232
29053
36470
46127
30143
42608
47627
8651
35319
8736
12859
20368
18019
4563
32402
36486
36988
6873
14622
2641
2049
4857
21224
8442
28083
44423
3793
30252
25981
3070
39111
33976
36529
36255
14087
35142
42749
9238
11068
44009
1388
44726
35269
49933
7176
9569
35413
10159
24813
11333
46980
47865
7546
13158
40851
18280
22321
33252
15757
25548
2590
2617
14280
21500
10628
23009
12875
7492
9666
1654
49082
10204
17492
42711
27324
326
26982
20581
27550
20339
9891
15626
39088
38978
39788
17670
30989
38774
35317
34519
24968
37363
35417
10916
5153
29477
34253
7590
32167
39933
49410
15828
30824
37817
45252
46249
18340
43855
27792
27364
30448
46550
25138
4972
45046
28033
48076
16494
22489
10984
3378
9733
45926
37556
49826
37636
37462
9495
22018
2050
18576
6822
11538
45251
20955
5429
45984
20783
31121
2733
17370
30066
12719
37004
35277
35871
43738
35145
13788
46514
3291
32754
40237
26928
21147
47156
33486
5389
17786
13318
33189
16154
39400
25491
35365
46344
10070
46450
29067
43374
38183
12723
34296
24210
29329
27801
22490
20248
22112
3038
5522
12325
24825
49063
35194
21758
41147
15110
22976
11410
10337
13174
10379
49952
21924
7926
20623
26422
15230
14741
37211
34440
47306
22262
3359
20121
1111
45360
30890
49961
40539
10565
36258
44172
44692
36541
16621
46354
3034
1534
13420
30120
33600
47258
49864
25626
17721
838
22004
30643
19447
32594
33394
28067
17678
6297
14754
21307
17768
33911
44372
680
28689
12818
12494
22938
307
6662
28618
4704
16828
44705
43655
28258
24315
42968
6048
25259
14601
34852
6585
561
12084
10077
10245
37153
9143
15601
4453
2684
44517
3632
25163
41528
33605
27639
2716
2388
3399
5000
7620
6621
32149
5506
5364
33478
37669
11570
46742
49639
22634
8326
17841
17204
5642
34170
30968
21592
6378
5265
41084
29519
6005
17377
210
43277
47356
44955
16064
29278
44407
45509
24992
44699
13577
41846
28695
49157
370
8030
27183
290
10639
15823
20784
30225
16028
26428
44590
34939
29001
35149
30332
46344
21978
14396
42878
39483
2296
49791
31148
45308
20565
8162
23906
38928
3677
9584
5364
24566
48039
44974
43791
768
15803
27556
18155
38860
39342
4089
48173
42350
265
14922
24904
39293
36568
41830
36115
4407
46846
36361
36966
22481
26709
2435
12462
19694
16451
45316
40128
3947
31832
34391
11386
21061
34596
30792
15973
9912
7557
45235
6983
48774
33438
1867
3908
13680
17588
21315
46341
16579
38882
2188
6657
26530
30476
29676
12727
28443
3056
26615
40686
13657
28568
6429
964
27734
5980
19392
42850
13899
37877
3632
8112
31109
12301
48004
24149
18917
13889
40647
28807
23749
3288
30461
33361
14690
13981
28625
49667
25914
46056
27645
17714
44579
49020
2148
33632
19878
43225
31791
35014
29974
15713
47746
32750
31569
21096
13498
6238
33954
34628
12326
11918
7936
7124
22559
31627
47078
17197
33334
16116
33440
29712
5064
6977
24479
20775
25136
21587
6217
6126
37113
43334
20912
19454
14846
49316
24189
34948
12081
25331
32745
2945
44580
29374
37400
29771
1511
1858
47826
44976
18014
23870
45343
35034
45662
35214
1038
34670
39093
28769
1667
5471
32307
37813
9563
44255
39288
9845
37821
43382
8299
6809
14974
30603
41845
12091
17777
4463
30088
10314
45225
10361
17807
15415
29117
11820
40499
41757
29303
13908
2262
28558
33288
32511
10368
49496
25372
34921
44932
12518
4165
2544
30431
41042
28439
17990
1372
15369
45535
21157
2662
31207
12576
9789
38363
47297
12108
27336
43738
10274
24524
47694
17961
17629
47452
35140
17573
48209
18726
36048
12694
37562
15113
18648
32382
17572
25862
7784
8479
2059
13430
13361
33462
6238
5339
32687
8648
30370
20450
22803
4215
4354
33874
34031
2768
24019
43700
38257
33685
18406
45358
15718
13170
15655
16766
43760
39502
33091
47023
30322
9680
29222
31803
26424
1291
29746
16286
34723
18776
43563
6386
14770
13455
34288
3436
31372
40001
38644
8867
26250
9412
7322
36824
7410
46156
35103
182
3758
45267
31409
49783
38186
35413
25374
5649
20732
42538
4135
23180
1119
22144
5475
43248
3335
13845
6624
20671
40505
49902
7380
29788
18723
7655
38530
37255
10038
28888
16119
26919
4036
3503
2772
35602
13300
47808
19335
40108
36243
33350
37266
25529
1588
38004
17597
28961
9864
4077
7750
13791
27049
8636
48487
38037
43872
20241
44976
48208
37030
24825
6579
1300
18328
44457
32447
40308
46883
40886
26020
19968
27455
18211
8230
5627
19001
15496
33596
35175
19656
22044
34711
11200
40544
6959
11408
49586
4165
2919
4842
35063
25431
21157
27575
45713
5276
16258
38535
16528
10172
33099
36666
19473
43366
30518
43335
44068
24383
2848
15653
18712
23290
7701
11942
9733
25091
2971
11860
38389
4134
40556
41219
10703
43085
14142
43287
19810
40822
31056
29182
17851
46098
43107
29517
34259
26922
8611
27769
11448
2685
41552
1436
44983
43748
43389
5240
49186
25638
48196
10183
20307
40599
25876
13920
46157
39499
8585
8630
28267
11049
9511
15370
7353
3626
41554
19537
9003
25809
34620
25585
12653
45956
31116
39893
38183
46793
10599
18815
33069
36764
43278
11261
20945
37708
35700
38628
9461
29382
40554
46889
39745
23672
41577
22975
16909
41160
37964
45882
40028
40029
39847
19010
26501
12699
23511
38627
12655
4428
35832
44305
20104
28874
32413
30665
19234
7929
23552
47235
31482
33377
19894
35940
41575
43513
13901
32415
31820
40847
26340
13803
23625
30820
47416
7968
12452
37332
35367
47387
46416
6083
21139
38145
11959
36067
9157
44000
46010
11634
41530
45649
15377
4304
5727
6218
24833
31199
20788
13808
24329
8307
14000
42553
8264
17304
12274
27984
29024
6771
20670
19489
3167
8401
34828
3732
45376
35883
31097
37062
2669
40747
26664
9011
8542
10601
5529
17409
37843
40446
40852
6053
48937
14073
10995
32184
30877
15295
20489
9108
22091
2541
48642
7465
44577
49114
46600
18301
13221
8024
26719
41087
4943
1929
2062
26268
49012
19725
24490
11339
18177
48441
14529
27907
34720
25172
36416
39180
39738
49372
32113
7010
23017
12822
25765
22182
44809
32225
43914
47296
25482
34939
27481
15983
30404
5582
27135
49456
42600
7011
34661
43597
30511
14934
36318
47452
21202
8297
17996
18153
14004
6163
32400
24142
14784
21665
34620
9838
24266
26332
26439
36161
13653
15051
28572
5129
20961
22639
8847
25044
47182
30828
32766
24058
45553
40776
32495
33558
12306
23116
39403
23314
23616
44551
47655
33882
11714
6514
38891
5939
38411
36142
27954
41509
25048
17834
36508
35330
43801
30816
13923
29035
22313
495
46728
6264
25772
35987
19897
48436
2789
40000
19202
27900
19505
48030
268
14892
38963
11950
2342
44586
3085
20779
21055
38766
45111
35180
17422
5630
3551
25814
43966
489
34110
9550
32745
31929
5971
6459
49231
8667
7342
26826
17379
17835
45931
31147
42834
19256
7368
10665
24913
9206
3845
15159
44595
34611
26008
39094
12068
5873
48425
24819
26004
32578
26401
11773
22963
25250
24058
30996
46757
17198
48658
31261
39891
36994
48530
39986
638
1776
39941
29974
42784
21293
32056
1926
34993
41413
42253
5787
1522
40479
42987
2252
14058
24635
47141
46225
26283
43287
2325
44418
8736
48401
8853
46589
40901
6711
40026
42279
28771
362
27374
29082
10967
21537
31080
19164
11101
21882
3578
43280
8782
31019
34903
47686
11795
25383
24751
39613
15301
9788
26088
7225
24115
5048
45514
23024
1023
47820
28952
24126
22886
42969
16950
41880
19049
22615
40315
32189
30236
12069
27540
2697
31867
40362
6562
41539
548
7290
49714
5798
965
2260
40136
47677
1875
9160
34631
28903
25268
26950
3198
27291
46474
23873
14114
21445
2988
5315
260
45837
13170
32810
20303
45897
47421
43856
35137
3897
41248
43736
20563
4384
41487
8964
9831
28802
28499
34900
11789
24681
14167
37113
29410
29586
30019
3671
35685
49124
10178
15240
17063
44352
42178
10350
33519
42084
28519
4785
39399
25562
16316
38374
15254
3054
38967
22800
48139
14860
10920
22512
9443
38679
37310
19832
21671
12055
1142
48734
6549
29914
7745
42172
26473
38123
12640
21875
44791
22639
1214
14160
17688
40476
40747
6359
42335
7796
4865
16748
43783
15568
32293
18897
37723
920
15579
38872
26977
21134
4854
42506
27171
17834
44107
28929
30780
7200
34737
13760
31532
462
28807
48306
38040
28481
1521
3999
31969
17943
12241
12811
2495
15312
12430
31929
15097
17086
4868
30094
13652
33963
21159
2607
16358
44889
23893
31132
4358
33428
46248
46598
3938
12948
37684
28203
37707
29583
13379
32291
43233
32747
49546
28739
40343
42705
29176
12366
8931
30429
3899
16427
42900
1378
3582
38018
8480
46378
48707
24704
3001
12059
6265
47547
44876
26646
3594
45679
24838
35720
20212
36038
10322
12643
47666
950
40147
44311
13622
32196
24939
8410
49061
16278
10598
28647
2463
10182
25942
23442
6777
25907
42811
2922
28937
1090
42543
18375
12189
21233
38603
9442
47417
10508
20441
30420
21083
5369
27272
31415
1548
39629
5605
1864
15110
37169
36685
16590
8236
2432
39771
35605
43867
49367
2063
28371
37435
36415
33806
18971
13649
34375
46080
34816
47029
20025
15194
21409
33242
17983
23912
47315
29775
46079
29383
7836
2882
9042
43980
5851
25708
8738
22741
13254
1309
7569
20602
26203
23364
17687
18302
31608
34282
30867
12040
25110
46652
25042
39065
11951
46164
39662
24649
24960
38739
22477
35203
28842
1117
36443
33657
34387
5728
15378
4133
49177
34354
13749
43294
32999
39911
28092
3347
11792
1388
20730
23735
11767
6579
37498
46937
43105
23179
14472
47662
15107
47962
41100
13181
12837
33402
10496
16487
11624
7870
979
21762
12867
30352
13671
27361
38777
3272
43268
35953
41127
37675
37743
6833
10281
13405
33718
7759
25468
1460
25778
42747
20222
28011
31455
21579
6914
47471
1399
8987
41375
378
12186
39150
24696
9129
36218
40933
23974
44172
16739
12827
29106
39066
38760
26219
31823
17375
13832
48062
4643
34963
2192
25941
17158
8855
29786
4543
46420
20430
47170
15207
11421
11238
44185
26318
20155
36723
37331
28320
32195
33062
32715
33141
22180
37471
12631
13479
4477
3388
1446
29051
23227
37036
3189
814
1920
32836
7105
48685
35791
43773
7526
26257
46308
15593
43078
41269
8561
9680
13702
48261
25282
23659
9282
39973
44642
45996
31777
45611
26711
7624
21587
44362
13576
31810
13639
8268
38606
14166
10968
11515
17640
36894
26583
23708
12361
38724
30405
6840
18989
47045
12647
13480
42409
19214
16108
7341
29487
41014
47018
16762
42081
34184
20788
1390
32365
1483
34344
31233
48694
41135
33892
21403
32611
42279
13513
12363
18609
49165
35992
39195
27156
22102
41609
2286
7834
24420
42539
16866
11904
43026
3973
44840
1839
33695
43
25180
29710
9674
32445
43283
20843
34870
12809
12929
18435
17434
14736
43397
3566
31848
32837
37089
17641
20983
40194
20521
8091
1808
357
43543
48281
15186
8392
20217
44997
48290
19774
25752
10080
39858
37833
9317
43744
1724
4217
2946
48813
37420
5007
35083
33350
34072
48543
23727
28001
19964
6548
5695
2431
48374
38541
2209
47837
13467
25621
7537
15351
3140
2256
42709
8583
38808
13890
1228
8555
7639
24970
2018
44197
15201
34507
14722
36587
42465
44203
33033
10927
24217
30612
26738
35401
28587
45527
48404
12480
38129
47249
23268
18921
13417
7942
15864
9046
12529
27066
14698
38143
48027
1455
33877
40637
47997
46712
39919
1603
33703
5371
30274
11000
29026
34549
13368
48095
6546
47128
42755
21992
49399
26480
12583
43503
19574
23715
1381
31249
25311
6198
30852
31199
36779
764
20126
30540
45923
34969
45764
24864
38928
48597
12639
11375
3146
37341
11893
46244
38303
8291
19763
45670
40131
26901
5757
39709
42766
8683
47583
23470
17639
34314
1055
19649
26347
4853
10386
10532
39465
19860
34903
39944
12733
23693
8628
10473
48407
41022
38859
27675
27799
11340
36456
32016
18888
10117
7546
16007
46582
21090
32635
6878
44509
12873
21838
40920
47887
31151
25796
33001
18290
15259
9851
15038
2340
49797
9284
34953
31451
26621
42911
19450
11198
25480
7205
22986
9
4068
29602
40529
5393
14397
44589
28087
49893
7561
2165
19736
11404
14397
13370
19472
15249
47891
33732
10869
22280
44355
47300
17284
6188
36206
49078
41652
21190
33593
3007
33703
22348
39142
41401
42415
11716
2847
7896
44365
10675
21228
4472
3140
14326
3172
1125
6572
4428
34767
47735
11875
25486
21418
40664
25006
43916
33812
44915
29917
43222
16661
5162
35676
24979
35103
30564
38165
38305
43372
1345
1587
49434
42727
25211
4098
8192
30231
9356
21138
28965
43045
35222
14939
47193
15566
19715
4586
36864
34244
29897
35561
8287
31952
37881
41948
643
23106
48037
21992
43983
37929
22460
12158
2240
7485
20243
9957
4590
34009
48209
40742
43873
28839
7975
7761
15373
7860
31322
45212
8460
43458
10446
47964
4695
43164
21649
44812
6161
48404
12674
31178
45823
35817
44268
39185
19752
37748
15011
6097
26629
36641
5993
30523
18500
6570
40029
40312
15743
46591
32129
22586
14308
1410
21718
49274
11937
15
7398
19919
575
29209
17966
10032
36967
4544
16646
35345
24277
7134
29694
45258
15064
5840
3671
38
6818
11730
39996
16742
3171
48995
37851
28997
34492
36488
29619
4887
5410
34236
14139
37674
41218
25173
30877
32495
5387
3506
30157
17874
16492
19456
21850
28276
27131
23308
27504
1818
26415
16195
4632
14958
21435
35189
28941
17059
3752
5111
26891
2599
13117
36776
46469
3601
7502
13916
9187
21449
46382
24324
18807
48247
6354
44558
8490
38051
26515
37944
25048
892
6255
32240
26293
43956
36685
8471
14186
31608
35820
43861
7520
47662
29703
21542
32824
40583
13446
12705
11876
43987
26036
17641
48246
33524
24489
20300
8483
46555
33315
25576
29299
20607
24902
36398
17175
11532
9117
47727
32439
34183
34683
21236
37112
19088
30579
15626
43607
80
18064
39001
9781
4322
24882
2933
6414
47790
41430
27917
29799
39536
12320
15265
31732
24823
18456
2145
34611
28794
31182
37393
29576
20405
15419
37480
1590
16449
43381
8088
14663
16161
39887
31560
9416
46296
44155
33020
11396
25257
21101
47046
9788
38166
4925
6710
47951
40874
28952
47709
9628
9650
19428
18319
22641
44389
30190
24983
32670
19813
4114
38740
14139
20270
33814
29585
23299
35307
29684
22403
25484
6168
42834
4251
18532
49073
18543
20587
49530
5370
5180
28246
7381
7096
22868
29039
7461
1468
36521
42019
31796
21936
36029
27251
1177
33402
8587
29738
36137
48877
23776
16781
32682
38015
12360
33920
46997
29558
42361
22693
39399
35371
12198
28671
41797
43536
35921
38053
35209
39021
20737
39089
1661
39942
47787
46968
27043
35369
22928
15653
39534
1364
16499
22622
9841
48739
23093
30776
25554
32135
49519
17495
26139
386
7739
30733
39373
45198
26000
42611
17968
36301
30968
15765
27132
31963
19759
18936
42557
25936
35834
48023
8791
38947
11442
31691
23814
4168
38140
33945
45535
46969
48598
10773
23577
23506
29199
30740
5314
36934
2148
47839
33119
32496
47091
17427
30116
29748
42318
34277
19036
1411
22957
47316
46326
20637
20736
20087
41420
40273
26384
1685
7393
23632
3281
9907
34822
17968
45623
34359
25305
9356
28193
28700
43210
42025
45766
22511
8427
7043
29690
14069
5396
2037
44301
575
4625
37816
44689
7654
48136
14259
15527
49441
42010
39808
12964
30678
45254
15424
5813
188
15828
43524
45196
1230
30053
14300
17813
1404
13044
46653
30138
14876
31481
24843
45310
45454
41210
49655
26906
12972
12302
41153
33779
14096
24976
2158
852
1456
47116
48820
493
11333
46617
26211
39352
47690
44307
49902
28803
3279
11268
45159
31823
37180
1326
43768
44804
29267
17607
43549
31439
31294
43586
7728
3113
14248
11174
40348
44757
12280
43197
45235
19653
27527
42459
23659
34602
15443
2937
26627
19414
10796
37325
31715
48655
13131
30760
27009
18883
25155
16811
44144
8947
9007
9543
15315
2925
19387
31520
19728
47146
26719
29277
34943
7584
15254
26318
44033
29749
20701
1210
15598
47105
6390
27924
9110
32638
30828
5754
10697
24511
11633
36506
28179
1242
42932
17505
35487
18899
15102
44610
45276
32487
21339
39311
42461
14994
28533
7222
42953
13117
25996
8107
41843
15671
41971
16334
41605
18079
21572
37945
36149
19067
38179
33497
25354
5912
23311
1734
45575
46879
11781
30384
34197
32896
4303
5864
8288
47870
47594
41224
16776
36183
4277
22496
16695
15310
1957
37502
46786
25958
33653
9145
12633
2285
6091
28474
22184
8258
19878
44136
25168
46405
49331
5999
48976
20266
13455
45851
7084
43290
18199
23607
23552
31094
45915
17436
48302
33256
36081
48312
2451
31912
33573
8301
26408
36855
19982
44707
931
23308
28908
15660
17982
34793
41630
20193
12591
22921
8960
14366
1271
13992
753
18630
24439
40943
450
25124
40315
23994
19178
6048
43034
28968
30279
27579
38806
25070
1712
40711
2590
24329
12406
34901
35523
11694
21704
17036
35144
7935
10821
14627
3634
18013
1819
21467
35487
20021
45839
43612
36931
18280
15334
43755
49053
20250
25888
33588
34360
16023
9540
44138
3885
15069
47334
31976
44374
44330
42998
28163
39934
31635
17442
45198
28196
28845
11
6729
49885
38028
24197
36999
37865
7142
35367
24875
47166
5491
21187
14095
6081
49652
37968
26816
36564
18364
2514
44073
28905
30367
43947
36282
34596
36566
47995
36036
29950
30652
20643
10132
38822
16841
38696
19034
26978
31048
45842
40070
2307
15750
32212
32574
8086
47706
3606
1133
5287
10364
24621
19099
21265
4179
22413
47989
30752
3134
4197
3561
20295
17790
36520
13105
5500
36639
3436
2201
37185
46882
6955
37086
35839
8296
12551
25542
11723
45325
46331
6630
28634
39358
49964
30883
19377
41816
38830
39736
41412
45823
20355
29153
19440
31959
36670
44178
49541
45667
17046
27384
29019
45368
47478
39033
19429
41452
18481
9626
29043
15761
33762
32397
13297
21992
12786
38005
45165
4643
29219
13112
28790
29484
29993
40319
32624
3659
2969
16029
2772
18280
39257
24426
6419
16429
48454
16779
29547
44199
46181
10335
40723
19369
45489
32520
36928
5837
8275
6068
19722
33576
31504
38680
46217
1289
8172
32584
17081
19646
21068
45653
41756
19458
28633
40691
11582
32295
47600
45974
44964
33980
47319
37993
5790
14923
47098
43674
43100
12178
4931
1589
29644
15627
1560
10075
11281
38026
29439
23919
36335
20787
33804
45726
4419
49366
14091
30392
24336
42056
37992
36447
49220
42783
14827
16187
11337
26953
41122
10231
14103
45162
11639
36748
12198
112
46353
19367
43201
44596
49590
36378
40791
47936
11613
28972
2588
45319
8385
11917
23276
35862
35570
14459
18239
8725
13398
42922
3095
40825
25085
12467
40454
28329
41266
19404
11533
21755
45853
10912
13183
17851
38597
28506
1045
49959
49075
20195
1210
12858
42817
38758
19670
37859
40930
22605
39944
28737
32059
36042
39645
22077
11999
21459
15405
9396
40
34794
40196
6160
6513
19992
23470
27986
3697
49302
32908
22494
27521
46728
45379
49762
42959
35606
1235
532
38171
11896
19029
23928
30526
10414
26542
47147
5131
4249
44400
9710
19678
49786
43456
14882
6353
43732
38690
16221
11757
47664
12576
26151
3773
1950
39562
46340
7357
15346
48679
44141
3442
30418
34793
32397
6692
8571
8671
8357
2518
21115
45892
23724
48935
34351
36228
40167
37008
27609
5647
23553
19101
36093
46086
34503
17769
6408
21811
45011
28209
46750
15893
17682
16891
22399
30360
34852
42480
44869
43459
11104
40340
27820
1691
47729
41687
20062
41861
22929
21043
1530
45529
23217
4389
41648
29858
30706
6201
23772
40177
30883
48655
16589
27250
34823
2554
7505
5910
3906
37190
21343
27599
31792
49689
17136
12202
24962
17010
8506
38119
19462
8926
47867
20100
48689
19642
28446
34711
31068
35043
41677
42346
44201
27449
9748
24081
47712
36114
3262
26935
37114
36507
19662
43942
33369
48424
13467
37670
18082
16733
19561
37724
8680
325
36352
14644
42694
31743
41067
44490
24553
8201
22816
17473
39192
25797
36583
48390
48593
16136
44984
2863
15585
46161
3141
8125
7967
1143
43217
43361
2741
35931
36748
26107
15388
48844
41869
33261
33507
31145
20443
2750
23821
42241
38215
49354
35860
16966
24505
21031
8349
1280
30597
14354
27146
11390
26618
2664
44437
45048
7319
13473
32864
49952
27994
32758
6790
21894
9927
8083
18749
45514
37825
13112
14907
17229
39944
22745
48994
33472
8703
41701
40026
45582
48504
27316
33321
47398
19903
46314
38401
33936
46800
18968
13494
32624
28869
12625
20426
8472
23264
22730
39991
26248
4065
507
1145
10945
12229
42898
9173
38936
21676
18007
3050
34310
29397
22889
35459
16427
33816
47127
46373
49970
24975
37788
13595
2752
17586
41937
49948
2198
47902
31446
32150
32375
46033
40556
46665
26515
45652
5417
13826
20209
11781
31742
15138
29515
13824
46853
12651
6787
40618
10900
29575
29796
3626
47231
30756
27203
19781
6762
13264
49556
35044
8827
1117
9337
23747
31598
29553
36101
43528
30274
34748
37823
13422
36129
19367
38178
28286
7709
31766
10369
29721
46837
27353
30456
4980
32231
2453
23357
39633
41535
44873
18678
46758
32654
18624
31524
33836
4982
45523
1676
14885
30737
22024
45767
28955
37442
43515
6399
41554
12419
43735
1178
8745
15085
1104
3987
14850
1334
15440
30723
34299
43973
34093
4399
38456
7057
1012
3195
35471
42471
5844
27260
15040
44570
32649
20523
12239
25829
31875
31462
48703
49884
49122
43168
35389
36897
11585
49241
20630
34930
10764
16504
33862
3471
7599
2916
36222
40809
5228
43282
28033
16502
49304
5529
10187
1089
22851
25793
29311
7823
19331
37370
1723
29372
38316
2873
33578
12068
46590
4141
44230
23886
7962
33984
5543
41426
8802
37177
32573
48650
38604
25758
4086
19319
33955
47782
3116
34139
44987
36477
22590
3443
8719
35552
49593
14792
29928
39448
25955
891
32972
31525
7972
7725
3824
14863
25058
33281
33179
38353
46247
5849
38697
22114
19489
49549
10201
22744
230
29978
44612
47393
18561
28646
45178
11612
8590
16754
2059
32210
2541
11497
33614
47299
26246
19573
8578
14410
32490
22369
15150
27106
16786
9448
15015
354
4231
4012
37182
46019
40637
39331
28483
44099
3452
9660
39066
18322
26652
28591
40952
21130
1964
19955
43210
38412
18495
14281
24866
39620
23301
49125
36320
14446
27601
44637
13641
24210
42284
26969
34278
44731
49253
6106
13547
38310
28866
32664
5042
41830
10680
3812
11443
31988
48036
46700
21827
11507
10532
19677
44039
15730
24788
26818
33379
23466
35848
5914
39971
42519
24883
31896
24020
22820
34674
25684
17936
33663
33529
23471
32421
7755
30599
11155
13041
20
32552
45593
25388
26670
8135
37348
38994
15606
44174
43339
13852
29722
42428
7028
40825
45172
39185
44220
9182
3409
44713
8243
45527
7024
44978
49028
5352
46038
4588
13794
44278
11871
17901
34845
23003
14687
10862
32900
21513
13974
49301
28693
2318
36945
1487
47600
10080
28413
46698
22249
26806
35351
2236
16940
46147
1903
31972
12443
20608
42843
25547
28019
14324
25912
21430
41517
29442
45755
28955
45872
48032
38165
20014
17731
44479
22357
43015
47440
19084
23879
14385
27989
18178
12378
28545
28420
6777
4704
1297
21722
5199
2158
3320
19596
15713
15587
1384
2349
26359
13462
42356
17116
21657
38984
1340
39274
11826
18248
45622
25930
40720
37925
20139
26145
43028
6430
31643
3709
13676
33077
15421
35666
31610
11747
15448
15135
12561
37349
41895
13696
10284
5747
10924
5020
26283
13761
43700
23438
25786
31407
39714
13553
10832
38347
24443
2212
42385
44406
32990
12269
47392
7124
782
32553
16501
19741
40029
1138
17879
23504
6838
2266
16790
40200
28647
22020
9767
47638
43034
47922
35309
9501
14622
24840
36128
17741
1943
24143
47549
3816
9150
35606
33290
49040
11494
5027
17028
45457
27933
38056
25703
33307
41802
12256
36841
18087
11769
20648
10851
20554
37137
3450
14861
1912
19647
28885
38501
20608
22848
5817
1228
29830
3680
22158
22125
206
2890
13300
26043
3683
27242
10132
45830
43415
45863
32470
9305
28261
13607
37292
21619
37186
49086
16411
46687
13746
18119
34090
45827
14391
42365
31379
26690
25012
21206
38087
44382
31184
6701
46334
17742
46838
14346
25804
8775
33082
22288
2415
22954
3445
40580
36436
28282
20705
6053
22409
8072
5248
39147
21437
19181
7910
41840
32324
44611
25864
26342
37591
29248
4700
17956
42280
21120
35072
37953
36579
11710
39526
20123
27567
8143
39917
27635
26132
92
44891
36969
47015
42858
36278
12256
19025
42887
45490
27934
6270
15922
17444
23843
45472
29112
29638
17171
16884
32247
42467
42705
39180
28960
8034
34569
23612
10942
23343
15834
40304
26702
14660
47471
20138
22570
18760
35241
48090
19221
16718
47035
24005
19781
5886
42657
41928
41400
36256
36957
31974
17861
41188
21135
47117
49009
14127
14609
2551
33978
32480
22972
47004
20003
18593
20859
34069
21660
49737
40330
8411
6765
24606
45114
28238
23887
5079
19460
25954
36887
42432
30279
42995
41440
4439
41440
28217
10659
30467
32245
20502
11622
49028
30830
18781
11583
45285
14576
15021
18835
4286
26263
33306
48000
3030
25536
2365
38035
5158
18784
31905
36278
5577
420
33775
14234
3711
8311
44292
48413
45697
40745
1949
39319
46287
50
30885
2087
7236
17299
22933
27925
7147
41508
37786
41508
25275
14880
15541
45558
34078
35338
41035
25035
17471
48954
46701
2424
9442
14055
42306
2400
48141
10867
42975
29698
33028
19886
4297
2414
25731
48711
32066
5765
29620
47862
48879
18812
11856
16031
20474
16108
1938
1156
46179
1066
3015
36363
17425
42894
2306
38182
45783
4834
45100
38773
3537
45785
10760
33684
27533
46009
41493
6370
37975
38678
49772
34240
48301
413
46745
14561
28465
29978
6647
40356
27773
8758
7172
8779
6864
46880
36036
24696
46775
14663
9569
34771
34375
10065
35263
31946
23270
9339
3630
2422
15401
5038
22504
29093
13640
36346
43819
40617
18926
35650
3137
45069
33021
24131
6906
38319
1246
14130
31003
20431
1845
12385
928
47266
23779
2270
41517
6659
40918
35225
48818
31063
15115
19247
11981
31259
20948
30647
18873
35997
10740
49705
3107
16275
17334
9974
26718
14123
44046
344
15549
24753
24839
26726
43869
2118
26172
39620
39253
22259
48738
48949
28902
45978
14514
16270
49324
2949
46789
48457
47399
40238
19048
24546
1843
27706
37038
21154
10930
27811
21509
12421
34556
3120
18256
18634
46701
11811
47956
43911
39197
13279
49071
11814
41309
48387
22578
17584
3628
15768
15343
21492
10633
17443
20093
9427
22979
33575
7176
30860
18764
12474
8982
6047
37533
10130
1413
33616
47075
13548
47887
19978
34519
505
25807
13694
10715
33190
22222
4967
45519
7926
26726
7226
11012
222
38920
26463
3864
35852
41400
4182
23328
40549
23670
12969
15700
10074
29096
11404
28851
47286
43778
10323
42856
49239
49576
6817
39876
19622
1610
9368
7691
48261
14014
25377
9547
43556
43244
9129
16166
12671
6962
46407
36224
7928
22792
2374
7892
6028
4174
12067
1922
10805
31825
41925
40019
30652
32460
43955
27117
49752
35435
24902
1505
6727
17963
16333
13426
26600
26526
39399
10720
37091
47322
48641
1490
14374
38033
4667
46979
18348
13403
32153
49395
21068
32399
30979
4270
24300
22193
39593
37577
6079
44469
18743
35288
33586
19361
12417
22013
33583
16401
44523
48572
42524
34324
36136
47850
25460
40932
38525
48051
2511
28259
7408
6922
4512
14817
49954
48507
5499
45881
5639
22876
18049
17659
33438
18563
12361
23669
29217
6721
29821
1242
27995
38012
25694
23524
3264
11242
16341
45510
47518
18889
2839
42490
37294
26683
24436
12090
16087
17743
43981
12394
6335
14667
31999
45202
38894
17973
20544
38825
17858
28209
35061
2204
10153
41461
33678
2607
238
14728
47998
38058
9203
43960
10042
40101
9591
37979
39214
33838
10436
5310
36470
27799
39607
28233
40160
1581
38429
35635
15964
3458
40167
24881
26540
46108
19322
22938
1998
28487
18118
3255
39779
14293
2832
9878
38283
3830
18813
11661
46655
35538
18382
17995
30411
21347
38547
43754
22134
18512
10013
19041
9823
40964
22085
6006
36534
16510
41650
46193
27748
24801
49466
2155
8999
10027
30345
18853
39710
290
30951
1045
43790
19578
16089
44507
36335
33572
30150
47619
44486
10689
2532
45283
3775
15876
42542
11411
15158
39253
39717
844
26467
17137
26225
12265
39552
38255
705
28202
3927
42078
9302
7736
38205
25353
31241
19091
45846
32221
32436
47622
41059
7777
32644
18588
45423
31508
38009
45932
35777
12565
28903
24464
25934
10411
32284
47956
19455
18821
14686
43257
15995
8300
39472
20153
6561
33876
29617
44132
20004
23009
27058
36585
34098
3687
35714
44065
11379
47193
7912
15030
18491
22579
37931
38209
41836
22228
14353
26256
20939
32738
12051
21862
9116
23841
43449
45212
43037
28719
26887
36853
20749
39158
16515
27024
3399
13973
36530
48406
13471
18552
1135
48675
10695
2451
48247
47570
6686
43918
13747
769
34998
36378
4723
46740
31520
17170
30260
13653
230
22412
29070
3225
42597
42095
8748
33293
10726
36047
5848
6671
46967
43827
21634
44649
34778
42312
28253
18313
33465
36494
31063
11148
15781
14784
22355
11336
39786
18641
36661
42985
37280
21890
11737
2323
37377
50000
38224
44918
24146
11866
3080
19808
27359
30432
47830
49164
29368
30247
1107
20360
46034
22521
11777
45604
9323
13097
41992
37990
3534
3700
33329
25963
30575
8435
11533
5208
9363
11165
11571
27262
14927
47193
22102
46364
38348
33905
37471
41486
22180
23971
5483
30516
12492
49377
31075
3565
29533
39800
13780
26882
42224
41037
40267
24799
36966
7619
40079
44236
32385
7082
40650
14330
2467
35233
24149
1288
145
20860
29920
5893
30067
2592
38955
36784
27083
44667
1507
17596
17583
15378
6316
7439
1301
41314
42311
10089
22394
6455
45729
37714
6510
31163
33816
30796
40016
14822
5595
44456
15330
563
2157
23028
7960
21092
47173
32338
32467
42076
8789
28292
11124
8202
13444
48499
12335
6117
28314
4526
26670
45123
11240
42415
37646
14484
40978
37930
46554
20411
1866
18048
20563
14156
35722
32240
23129
21920
25534
29324
18520
4086
8795
2089
19873
34069
28800
39168
28052
28428
47720
35793
41783
38618
232
12248
35654
45401
7787
40504
48647
48372
13672
39059
46664
28042
38316
47915
31160
18507
19482
30563
14334
29615
828
16511
23594
42022
33700
33162
3926
27914
41763
46135
27305
4736
24149
2079
24680
654
48088
37720
33849
49686
14647
41606
35493
33968
45527
45851
43609
38711
36349
955
41338
5673
41929
6571
26450
47474
4660
6295
7499
36786
7473
12994
39319
7514
22483
26776
18234
22231
28331
544
28565
19765
35084
10845
48847
1396
41678
35380
43601
19112
38538
16903
39487
14074
10440
45904
3886
1612
29539
32153
41558
36842
3590
39848
48342
23356
33622
49993
39183
37480
33771
22915
42174
1140
24251
45612
16857
23033
10805
22600
46868
28435
48247
13565
41056
32165
6829
3522
34802
6217
30743
21878
41260
30709
39285
8108
16042
21673
40593
28164
40026
42277
16745
38677
49129
47752
39736
13623
13942
27123
23105
4653
10742
23563
34471
42815
48323
20365
20107
19894
45441
35836
12450
43760
22543
16167
3858
35699
48374
18214
45802
16958
1746
11090
41211
24971
37321
35748
18215
3633
35900
49253
2453
6982
36698
2933
28845
30930
28028
36440
32470
43230
37632
18890
29369
45307
18949
40899
14770
43872
23871
26550
35123
48347
13736
37395
41125
4984
10772
20477
284
36511
26559
40101
47637
2584
38149
26165
37295
12394
8781
22105
6819
32272
30627
41543
593
3245
20672
13151
38408
30695
29161
33198
34514
23902
34209
15453
47082
40000
11420
38102
8731
5029
4625
14454
47238
39653
34490
10942
16991
30714
8779
16371
11557
4816
34461
29686
41196
7736
17430
9166
10953
21964
22471
19953
30825
42237
14386
4322
4798
16088
26053
5300
47223
23511
1735
34284
17403
34867
46878
852
15474
14423
39419
4748
45568
19088
21507
4635
23535
27377
45450
34644
35752
42308
36126
9860
26637
41722
3149
15943
30086
41155
11397
11690
15958
41736
24598
19579
17865
8709
32837
7644
39548
21973
34496
31655
49529
870
14137
13164
24526
24764
3681
35813
12553
15601
40674
43098
45778
14778
88
35456
41205
18405
25405
29533
554
13982
24561
9575
4371
35488
24483
40794
21873
42632
4366
47752
1043
17926
18690
34074
48845
15405
23181
29925
6769
36522
13414
11096
9340
17313
3462
178
41231
11922
37412
28736
42377
35147
23036
32564
44893
3639
22875
30673
15445
17220
38649
20483
14355
20306
42851
25467
8240
49223
24915
17128
21667
1280
22335
37857
7663
17970
23852
40687
12393
7839
32844
31144
17637
1203
30827
11638
38604
6126
10449
18902
5900
34028
43637
13180
4700
27024
9327
30307
26762
49872
28840
30946
43300
28681
27025
33034
10111
25234
27324
701
28663
15743
44906
16361
30627
47420
6018
45361
14980
41129
39707
28780
14282
23509
47430
25494
26419
42115
3883
41861
31985
42042
35983
18247
35527
24952
13231
11399
41888
20694
27931
19054
11131
1206
28946
32262
47495
48328
38469
38841
18375
43773
3499
18312
34931
48275
8961
4279
5579
21791
1435
24614
25911
38473
43580
9707
10608
35121
45342
2299
43925
37455
23246
20343
18939
22072
1207
47299
12389
47357
4633
48098
7323
10845
48870
45069
17610
39978
7321
34034
17432
18153
27443
15177
39986
47667
33203
17874
14356
41945
16977
3498
49812
12020
31112
22397
17579
31402
33790
31701
21441
24301
19105
3760
5652
22909
23439
17424
48277
48798
4162
27675
39199
23988
13718
41251
3444
8586
11128
9376
22390
48547
5038
47017
16863
30359
38621
30386
31806
34175
13994
19776
43583
12
4609
13463
1029
9410
48987
37492
38550
40754
2752
46871
29443
28724
5881
39767
13058
43235
20752
22970
33659
26851
4566
7468
36811
46510
32177
3436
25928
9707
29056
34759
16498
25152
23181
16540
11682
13054
9342
47742
2194
22091
45511
10120
2905
25470
17119
27674
31633
6354
3469
43490
23174
16077
32480
20502
34285
14555
5192
20446
35998
38771
12436
22750
8592
39803
14153
45393
2432
10711
16411
21201
5709
13373
10091
10275
13683
26372
14414
832
38835
2987
37269
38941
27547
19734
46702
47532
47735
23938
19831
3003
11139
29130
90
5803
3259
19042
6857
22811
658
2769
6871
2498
18508
17004
9345
19804
16584
32844
1063
7564
43485
33041
20011
18895
38799
4561
17813
45841
28030
16409
23424
4809
25020
12132
49237
39375
49177
34649
21890
36094
27933
41710
646
12629
8273
811
6187
41031
37754
13162
18161
46546
66
40202
15011
42509
15557
11490
15160
40634
22326
7234
20825
39947
46460
20422
31578
7184
17484
43028
870
10639
49828
10916
7339
18077
34960
24111
1535
24936
39837
49392
39534
22055
33864
35944
25905
44073
33346
5038
11837
47754
40067
626
20613
14148
11943
7778
8188
21362
9577
902
21931
26688
23147
11862
9867
14606
22687
15372
32416
3171
45477
27236
35635
11919
37618
47088
30042
10072
37801
32823
22357
49286
37913
29565
33464
23834
26450
28062
26032
8121
34372
23572
45588
39318
29575
601
45098
9997
30257
39526
14226
5933
40871
11545
48195
38109
46931
2917
12224
8367
3326
39875
8263
39009
6923
8071
13558
44624
30656
6286
15338
615
39953
8370
11749
20518
3915
30752
48171
19566
14986
20657
25866
6568
19431
30164
19363
17333
31537
27597
20505
16048
41846
45894
15477
17904
39359
3155
259
3034
12806
24452
40349
32723
13748
47844
33459
6386
19819
48607
26531
45220
32589
17856
2538
22169
21848
45335
10535
16156
2734
44170
24216
17665
39957
40819
15124
11398
2455
21111
39316
23180
23431
11158
35534
6367
1553
39902
10960
18320
16332
27450
10214
17300
42944
5512
8856
40901
17214
32488
28498
582
36688
29137
10401
2116
6861
27005
40567
33832
7225
16309
556
35593
48263
13255
45169
27999
32508
25107
5074
18242
16514
18454
19271
2657
2853
28781
33126
34238
30541
11995
41273
26646
10121
13205
46952
13567
708
15243
12499
13034
32343
44209
26991
31175
347
5868
44602
17688
42793
18104
17371
7950
20528
27269
8395
8223
49281
40531
30186
34314
9450
23842
17616
21697
6590
49916
37921
17380
22318
15486
11196
40095
29542
36881
47712
11849
41414
17175
4204
2765
39867
17137
46961
46150
39866
38014
7605
20004
18648
18189
19063
10635
24681
21635
5275
8570
15971
46792
42705
1833
46110
16028
33046
31147
48554
25559
3958
14339
34093
26142
15819
4211
48136
24050
295
40432
25220
47538
42971
35665
40238
42880
44594
11911
5997
7617
33853
38694
4524
14366
21051
46736
5848
38200
31668
1763
44503
49240
7202
1721
41619
22181
42717
37470
47042
25086
14065
7871
48067
30743
37983
47965
14727
7520
27517
24544
11914
21617
6426
47016
11821
10434
10178
12431
17585
15990
9658
12155
3905
46792
24889
44447
11212
40590
1220
6001
5054
410
47476
11510
29675
47936
40245
40954
2359
8273
29470
11644
4005
21957
48472
4229
35545
19480
25836
25561
22828
33899
7502
47014
37708
48619
1024
34553
49293
25343
16788
13985
23376
27130
36658
31835
21935
35121
34482
37020
43410
27543
39159
4237
4081
18403
13785
3392
8566
11923
47356
3457
36205
3226
47826
17096
41996
20085
3450
39339
19673
16699
9891
15153
10141
43746
18465
29521
34675
34447
10730
37528
23836
1269
39790
20169
38658
15311
27585
47630
32119
3000
41111
26253
12409
34967
42234
24375
43028
21785
19515
4586
13461
2646
23619
1845
12439
40806
52
45068
34924
43116
18849
16177
5912
27760
14022
37090
31709
39515
42278
35747
33023
7819
19855
46656
19524
46423
17948
18116
42650
19692
16791
72
24644
7749
30152
12899
46130
49465
15135
21471
39821
1518
30106
6908
35820
29068
32067
27726
4821
11133
23785
15266
44307
48880
5882
31102
30689
892
41610
32774
31680
14978
49346
27210
17515
32299
47208
29868
35380
19776
26038
47424
47834
46985
16842
24397
3642
2013
42730
11808
41055
16392
21617
38111
28104
7883
14650
21275
4852
14732
48440
46670
37324
36286
45424
4516
30589
10636
16981
27623
29840
13231
26877
9090
15512
28784
40148
31927
41944
21750
29341
6764
18782
7024
3152
10751
18176
46351
24933
10651
3153
9131
16668
40739
3968
22758
26214
49786
37774
4365
42243
28677
49802
22458
45369
24985
4298
1319
21037
10094
45944
4173
4178
29669
15831
35338
1531
1702
8496
37841
33902
26001
10749
19499
29064
12646
28129
33964
35895
20929
48867
12849
21415
12845
11829
452
27532
24969
24773
30450
4217
34519
17807
49780
1420
26881
13484
13961
13302
41607
9564
36261
20746
22035
27916
45810
14352
6382
4771
16005
22903
3499
943
19548
38901
28737
43991
2499
4668
30582
31772
27077
38060
40870
10513
1104
41294
40467
1604
13153
10612
13382
1720
21183
23211
14644
16592
25955
44906
46285
30602
13701
31530
42429
18950
40226
21697
47061
18050
38569
10524
44900
18819
10197
31769
16190
49618
28772
39935
5151
40208
15495
2218
36825
21608
30210
41862
11880
16208
3827
45128
21127
5226
4351
26500
36812
19085
22408
18558
11998
37611
35579
28848
7255
29791
53
43205
10244
39190
46534
44192
10985
32871
40845
6204
41393
12927
99
23616
32595
14941
1237
37886
40881
33607
11240
11529
26042
49607
29409
26257
37199
24982
46604
43965
45843
18948
19690
11203
21275
41857
26936
29462
14773
42106
46922
9885
34405
43987
47766
22988
6457
5677
18205
38113
6110
44629
21412
33694
8205
22553
42913
42174
49869
34119
17122
3493
43308
12788
46726
36792
4616
10326
40303
1398
1815
16575
31903
5890
41046
6838
8159
42622
10687
33876
19791
33509
20179
14743
1431
12597
34407
32886
18364
12088
42988
7570
1039
49502
48326
19333
5295
7960
3822
29499
13551
13459
10867
28521
29953
13534
39803
31326
10130
34234
22759
43652
36831
28766
13140
20291
48229
20756
14286
2195
5127
2420
30335
29627
30920
13690
36645
40171
8200
6022
4658
41810
12299
22944
12253
19245
26069
29206
34165
14365
14834
13428
43478
15780
34978
42303
23844
12203
39825
8910
17588
43475
41477
37797
38586
23478
23536
14655
47997
11689
40182
38247
13495
13041
41880
42739
29065
23998
28303
27454
6235
16968
36468
16689
34128
6725
47643
3005
29272
36677
38433
14311
4223
1402
8698
27536
5043
8087
22317
17296
9890
33667
41404
39503
40322
3370
39882
18016
47995
6801
45793
40138
5663
40020
10124
24131
24937
45021
27247
12988
47491
12819
24247
28403
46609
10861
30139
41097
28779
20145
6881
45249
33497
27998
13806
44497
38870
27010
36645
30409
37719
2665
38641
5469
1301
17795
44814
39840
38565
26784
43073
28607
20537
21674
33511
34903
17920
16495
30315
23396
24600
24682
42305
23703
14660
49229
11328
31874
19592
14253
22701
9859
41505
8106
40882
26876
22914
9418
38077
3371
1257
20449
33908
41147
21872
33038
27271
20789
36143
26869
606
40852
2430
27220
26289
5108
41592
41589
5831
8086
18812
463
3349
26755
27373
26233
38952
33514
28169
22524
41166
12616
33479
19716
19871
7507
11049
15667
13449
9587
25921
46946
30665
2830
10192
24597
27941
28110
5802
35257
33109
23808
8021
29116
9235
21612
27887
12009
21368
20732
26991
35807
5941
24059
48356
41245
20899
15164
11083
48797
562
260
19868
9642
43582
44629
6851
4495
39872
42072
36060
18045
16497
2149
25703
35560
42169
49650
38444
21151
37669
40294
17672
3766
12214
15337
26757
17730
35382
30778
17607
48816
3814
25564
42115
20290
46771
20462
13402
2823
21912
13878
3843
30918
4204
46569
48359
26583
29787
14793
6134
40014
8451
2315
9271
25748
28693
11668
1116
3012
6267
32129
31684
17375
49177
38975
48634
35709
37548
8925
26730
9809
42719
35868
2756
7159
33308
27887
3241
7052
13567
33029
8866
8426
12902
47089
24961
32735
21669
36226
34159
24473
33783
23700
5220
2768
49982
32706
3572
2416
23483
26565
46951
48401
28425
12270
28353
16196
7476
36540
160
36957
47559
17899
41413
1496
43779
26729
8953
20169
44475
9910
37168
44628
39164
36535
10971
16389
43131
17943
40343
30382
32054
4891
49379
21515
42828
16896
3024
2962
18632
9204
7841
17276
11304
49117
9953
6251
5293
22122
12483
15832
44811
10596
16805
5530
26880
43504
11646
46116
642
5364
10614
28763
33168
9123
19989
27810
7306
29335
16675
32853
16013
24442
32047
40847
758
41313
49899
40904
32216
38870
17028
25518
17305
12608
47952
16030
15158
44369
47920
40175
823
28684
36293
7052
18286
20384
2783
15500
5128
22278
28832
27504
34566
21779
37311
21112
2581
16970
2216
18002
47177
3954
38464
240
41241
33774
4039
1716
28531
47087
45686
39819
23840
21315
14824
23732
28898
24103
9717
38332
38058
13825
34649
28183
38983
6147
37732
20460
10904
28540
43834
2093
8355
7745
49274
29346
28926
2019
48924
18785
29754
21741
27748
31548
25135
32285
43827
32120
3234
32924
28076
29477
2884
38220
46116
31758
40596
26701
31379
21855
10165
31931
30343
8446
13610
14024
32647
36920
29357
24818
20853
11401
9967
31520
38141
13542
47721
14446
15402
7355
24210
12051
4856
15964
22137
44139
2580
1450
18274
22774
3759
16405
1358
46588
24529
49112
39346
31707
22859
6934
38746
43598
41493
49342
2822
36332
26565
34477
29618
19243
32609
23409
22084
39103
44012
47238
39071
15186
9980
37583
42052
44193
8541
37058
28008
47761
19902
34512
27008
21869
8360
10735
34584
13021
37167
28326
8740
9940
11793
11013
35694
11878
24540
22879
22702
2884
19084
31557
6136
1590
46834
3936
16174
25219
16400
4458
46502
29968
1008
24249
47703
15539
5749
12345
17517
28722
48697
46837
40300
43261
17765
18610
15472
43989
37343
6920
5155
33832
10318
4766
2184
20330
47977
15041
12293
11776
8413
4464
9662
33452
47789
47911
33643
433
46436
27031
23915
12642
4374
33054
45058
11179
42436
43720
1694
12123
21006
34321
3143
7965
26339
5957
8581
2001
19524
11783
19244
11484
37575
27834
13858
45609
44024
9695
23249
34810
17849
7692
16391
29519
729
44517
16794
44705
49315
8362
21322
42908
11277
23421
14815
47927
49393
910
48625
8001
777
47941
33927
14282
35811
6027
26663
29883
13460
31253
17403
48515
41
1821
9477
15695
9960
4367
19721
13828
5269
9854
10825
13084
6401
29520
25486
33067
49724
14317
18593
8910
40043
16927
17818
33023
3573
47542
25216
45030
43687
9179
5039
36543
39528
16143
40536
708
29734
9375
29106
1240
43855
30086
11198
10688
37100
42431
3304
21069
4327
43429
33977
48602
31870
20282
29178
18430
29520
47424
49715
45631
34852
27079
31633
37908
36777
6548
9494
42148
25063
4426
22281
2160
8564
7127
1855
49338
35155
9518
25090
45921
21335
27660
13565
39690
22918
26361
19946
40253
26440
17421
36802
20136
39903
2397
34196
28100
20928
23825
11905
39778
31743
19043
36067
32337
1465
16629
14254
42864
24154
28879
8767
45674
33232
2437
17089
41859
24519
39969
9278
28317
30898
7554
14306
42871
45083
17696
22955
27667
35330
16442
44621
41843
914
31054
39043
44847
49185
43541
15216
11957
12614
17080
43267
13709
45700
40771
15992
6120
45765
26645
20827
13429
17234
43617
10471
31807
5470
3060
11293
5207
14083
7363
17376
17129
35060
26896
22125
4125
22401
30920
5512
20349
41033
31613
22194
48974
8138
47323
3303
35613
34228
16137
46659
10871
43531
27167
42773
38532
27371
24958
40475
2129
1158
45215
38845
34617
38089
9180
18454
7168
21725
39189
21788
43020
31320
609
28737
28784
18724
5586
37570
26790
35320
41346
42220
18216
45586
15903
35695
23867
16454
35969
40075
14424
42288
45844
44167
26184
19429
12535
11712
20764
2632
11407
2814
12038
40152
40936
6099
12360
20342
42970
5772
14567
27525
9284
15226
9515
11898
16535
36330
49318
7331
18401
30352
12542
5908
38085
42227
5945
28556
4132
37281
21556
32198
33578
25427
14560
30107
49895
27292
4345
15653
1848
25963
43140
25327
5617
43711
26501
5720
26282
7994
41611
28054
37827
26670
38408
6743
21941
39925
6304
11778
39655
40061
35789
284
36522
22095
31980
14871
35297
37872
27993
36533
43904
12273
10898
25306
49471
21665
12394
37311
34971
5315
35628
44179
39563
5066
4074
44924
12746
5392
4289
32155
4901
24182
43515
31710
8178
1814
31248
3022
2795
26020
42921
18201
10438
1667
40052
2634
29922
2996
13789
49604
43072
43688
23135
20446
8843
33367
18439
46808
43942
38074
49184
46267
31057
10338
37201
36527
29239
1691
1103
48598
15240
21227
25376
27717
48685
6581
18478
34387
27341
3898
6915
298
7611
18447
1927
30267
986
31705
32916
18494
10574
45045
11266
24934
26432
34996
27508
22915
3806
25507
2109
34833
23756
16553
22928
45278
44091
30250
3700
39609
17380
3561
23728
44790
36738
49210
41448
15534
22665
16821
47860
22115
3158
25142
15481
16321
17397
22641
34279
37487
30665
47554
30799
14677
40972
19491
5326
19064
4131
42519
28010
14433
39676
4212
5207
32827
45815
25838
35319
9643
35070
6573
37004
46586
31314
9328
15419
19342
20244
34491
26591
33623
18653
620
15847
34485
427
13820
8029
37350
28904
49153
34916
48413
19320
23151
19901
17630
28511
28622
3974
47318
19804
8247
1840
31944
38726
42521
49387
13922
23202
39304
15312
46142
27230
15733
8235
31780
24493
9816
6483
26061
49632
40809
49431
35922
19405
9535
42374
49811
23070
80
47739
17523
35848
2599
25764
41921
6918
2467
22317
4386
17602
12540
42830
32377
15600
11456
38973
12424
30359
12060
11057
45344
7693
49990
46981
21589
27150
44087
29605
33757
9928
42870
21081
21415
23861
10751
23579
38216
3190
45619
1541
2400
37321
38425
43532
2283
17991
33058
20819
7508
8989
6410
31102
12532
46852
22234
5220
37960
40287
30859
42831
31392
37217
16485
37172
7972
49656
4005
9945
2065
46298
8301
38392
5761
14666
24981
511
28473
30311
12303
16608
39532
44034
29048
26012
24124
32505
12587
4455
28160
36085
36383
34632
34065
30444
43713
45520
44543
45956
2156
44948
43041
19125
47444
4616
49434
42650
21939
7610
48118
948
38747
35225
18307
19130
8458
37984
19565
15872
28075
11922
10770
6979
5464
10387
43444
43583
35997
5313
1548
7789
10009
16846
4204
32749
22158
21915
36077
8427
35271
24866
27479
3073
38137
11488
14383
16089
2994
157
29578
26157
45454
13737
29696
46141
8953
40517
40668
10684
41151
16428
39392
40888
9694
31820
3541
2900
16749
3460
41664
28404
10022
42123
33711
28388
45022
29082
43955
15940
47878
7256
14408
40356
11450
47985
29920
16008
48982
18162
12622
42681
44553
28851
4813
42648
11313
44673
40001
27823
34454
7719
29509
5446
27987
3336
5779
27775
49758
12940
49539
11935
11289
27029
20267
14681
29889
18189
17284
392
49012
27389
33757
38232
44592
25180
17817
37042
37366
45586
34867
12179
17213
37912
24930
8839
23698
2575
28871
21511
21485
11833
22947
37981
28128
10663
10278
27279
17816
9808
12402
21312
32150
8731
22334
22463
45111
18010
32502
27625
20223
19587
20432
10578
19797
34587
49257
35147
28776
8001
26158
42864
21855
35013
27799
26338
26525
8467
29037
47980
16739
49696
36716
43188
34288
23616
324
37168
40340
16625
4825
18017
14210
30311
15899
47041
11875
49365
28944
31125
22007
44037
22300
303
31207
30948
45155
48978
47430
877
41669
4866
838
22352
27272
20680
9286
25871
45972
36896
2361
45061
18855
3311
38018
8243
49641
23268
46059
44505
32265
13897
40502
32317
4166
5798
12666
49978
16795
37266
26127
21208
40146
25047
45972
46436
49993
2129
30605
35901
17313
41219
39995
28522
18066
9767
48084
33371
1389
36479
25905
22698
30170
16700
26438
38942
23424
21738
38684
18252
32691
2598
29402
22665
8695
41437
42819
19713
25314
12179
3224
4637
112
40045
45758
29285
31616
24619
25946
33954
7132
17829
20713
926
20262
34721
38669
18891
29053
23934
24689
44636
14239
18065
41133
6276
3640
21849
19861
46265
35033
20817
9435
30165
43108
37825
32470
3785
18228
38641
31162
16189
35833
14988
29334
14536
20208
27325
31677
29305
5250
18776
38700
5264
40739
16487
20811
27676
44218
15983
46991
46610
41505
40655
41963
13174
36866
5525
38758
23658
41537
12461
15368
45520
11561
27046
9966
13501
29950
40499
16685
8172
42082
39051
36291
45643
37987
18653
24008
43750
18769
23779
46132
15487
6301
30754
40139
631
10749
15820
8803
19852
13053
8466
3782
18590
22847
19129
6115
23487
43203
49207
39166
37287
46129
14042
22456
43105
12947
11574
47673
43782
16368
30729
33417
48084
1091
10445
33535
32730
23498
4297
22737
39747
12795
9044
20570
43452
28400
37447
8681
49108
10467
37262
38518
6159
47397
32763
35999
1287
47703
2230
4657
15743
7484
48197
19331
30293
22694
44164
32987
45364
24765
16722
37764
26403
15918
2296
33527
42174
32752
21349
11382
9278
37810
16283
9672
9240
14447
16992
47310
9663
24084
9698
4836
48982
19256
6235
22164
12806
12938
23708
30964
43176
41065
14057
28047
45409
27836
37729
22497
41575
26498
16760
2284
30163
18915
27458
26728
8565
14870
1918
27703
31342
41212
32765
33703
22991
23321
49518
23088
32892
33635
17720
19453
43532
48098
43427
33431
207
41672
33075
19949
41084
28234
1074
576
36582
18316
3464
21371
16203
19500
11178
12976
22265
44548
17564
19309
47981
2850
34836
3725
37305
49189
20493
29770
26609
38558
5204
43409
45971
21510
32851
7982
32241
42030
12280
44854
3836
5184
45889
6004
42110
33733
23142
8651
16083
2576
39058
47626
24245
33080
33583
36957
3827
10548
35294
23536
3582
39822
17792
38974
40064
24329
36276
18312
47209
48351
3998
26642
4215
7491
25391
48839
41665
20710
28775
21196
35728
40261
47012
16258
21563
38223
18517
31317
44749
15028
22415
24754
27397
42552
10299
2437
41050
15031
25995
44352
7049
28771
4743
43671
33116
29305
19385
49368
15097
22658
36401
48233
23492
22981
43109
2922
43746
16586
5512
44969
26283
2073
31749
228
1515
16592
31145
35112
30773
36499
48859
33304
34532
25070
21353
11914
46192
24934
36912
27420
39289
37630
45079
10116
46852
12646
23497
23221
44991
21005
29581
16780
6401
4759
16436
16618
16787
1289
49966
26621
14854
39105
16697
10487
48480
29283
46631
32911
7862
1614
11866
30838
17831
27102
1375
41458
5506
24282
48709
16711
17845
24781
24952
36180
1172
24658
16574
12185
36290
16776
44638
49366
29903
48901
39960
958
21694
42743
24676
20794
36402
46341
22715
41338
46149
49093
42972
7671
16996
40343
76
10628
45561
45757
41293
30099
20470
10558
5769
9636
8300
1552
11468
37319
15638
28899
49596
30546
40549
33357
41510
48127
25800
29360
7605
13453
12183
2023
5553
46855
16109
4415
28930
25425
12543
36723
29408
21406
17725
8655
39497
46495
25332
19142
29694
22694
39934
43503
16266
26072
8983
29178
36895
4273
31484
17329
8815
47186
31330
45977
18420
22245
2048
43720
24060
6081
45531
34896
13077
37129
40796
20377
1841
44686
14159
41053
15494
7861
23371
3453
27909
44964
3209
24673
25108
22581
13635
29501
14458
41869
10314
34703
46071
47174
33044
19124
5598
33592
10992
9498
14016
40055
12295
29792
22293
32230
3649
32458
45721
11513
18609
28385
28177
21368
40014
40583
23385
17263
32735
18984
25772
35618
18291
23132
3119
22478
34122
3001
23642
8459
28787
37589
45684
8238
30226
4057
18906
20506
5341
17009
4795
33718
20068
20719
15107
37882
11180
31072
18242
7331
48934
32550
23545
40454
19584
37525
29632
29121
18679
19193
29543
15293
6503
10692
29399
37872
29826
31686
32579
48094
26569
22356
36849
44272
12089
44587
49711
19437
31492
44463
7715
19412
39051
8108
27412
14908
42582
4781
8990
1507
41456
11770
1910
43074
25601
508
41867
13266
15721
1164
21349
1255
6998
41290
34557
8186
31987
31498
7511
15381
2877
45736
33360
7496
5762
39084
3361
14056
14040
43432
11581
35879
48952
23999
16365
36527
30933
25536
37861
47351
23533
15487
42035
48152
43387
8165
35107
16233
21589
39150
26482
21015
8473
44496
36285
17905
49711
40939
14101
46223
13195
29212
45473
15890
40179
22459
31648
3142
36535
24901
3370
22933
48961
31636
12017
31477
330
21769
19209
36273
9077
7116
26849
40150
24717
35643
19294
42275
36631
15406
17635
36980
22099
25131
4942
5960
31461
16916
37697
33085
22218
49438
2124
40014
9145
35981
6484
28595
42871
779
16290
4230
45655
45544
46490
48758
43244
41740
1302
27396
41852
4279
25999
19003
47652
601
37608
42621
44146
24381
21991
27576
26307
45520
49776
28327
36921
27328
4047
900
9831
34703
48274
33964
41709
38967
16433
37067
47275
21863
9627
25878
24420
39996
11262
29224
5265
32363
44962
15668
29070
44346
13251
22857
46469
2366
49690
33236
6405
18591
16887
11646
18734
38488
44012
2326
22268
16779
14520
19098
14174
14849
49135
20047
31426
32927
39923
29008
25167
12692
1506
7986
33118
46447
41531
36166
22229
29517
23677
16840
27009
48944
17375
32981
15232
47899
42294
33929
48297
38825
28374
1462
3304
46190
8327
18417
24394
41941
36339
36342
3985
35641
6330
28011
34292
35648
11203
43762
22743
45904
37055
49752
16898
28117
20299
36859
5072
1259
33746
12985
43767
46710
13804
5139
21950
6753
26872
44576
43440
47091
23601
27278
28028
10685
21551
2755
37126
28912
41261
48258
846
14492
17699
777
29467
25764
8736
10710
45027
33981
42261
27562
17498
30212
26992
46518
27476
42319
30884
46770
23352
5564
13570
49388
8196
38053
41302
26046
17415
10341
15712
7880
36015
40405
37660
33612
41968
11215
30929
21433
34605
22036
23299
23615
43606
11321
21302
2226
5662
14939
16144
17177
31095
44355
38824
7301
21180
40389
33105
37455
45531
15090
35853
7866
9950
14622
38784
1464
28917
17228
43651
38745
13889
37269
41024
26973
20367
24183
15969
37003
2575
27946
30816
48250
6176
33374
32826
24716
12297
10816
6981
3611
43655
39867
17242
11084
21070
36571
753
560
35070
8845
8329
24152
49588
6371
26784
22265
18505
48212
29429
12533
16267
35359
21511
49689
3254
14447
20233
28502
19071
16394
26118
15734
18749
33156
36667
30656
14340
16882
42453
2391
13055
8008
951
27388
41673
10627
31831
17092
44377
35218
19110
43909
8360
34127
15339
34234
25039
43468
6380
44805
9282
15145
27976
39556
46755
46609
7443
60
17300
40788
11038
45810
44221
21392
42034
49417
934
22968
46921
49637
39745
40647
18570
19758
42744
26301
12463
48688
19998
38440
23124
46175
5173
47646
18718
13224
19003
46983
22966
34403
42369
29943
22561
41493
26027
27769
20237
46545
15357
23223
46970
26782
14695
32485
31090
37300
42287
40142
15590
23760
39544
39719
11287
15415
22124
43151
47262
14888
3371
41128
26696
37289
27120
32175
7602
19907
7116
13878
7117
18410
18242
45956
39069
23908
782
4274
36980
1068
9139
46006
3622
1838
26383
44396
7576
42210
8893
31088
1706
44614
33062
44233
34047
46035
40821
38575
21973
7058
7174
23597
30933
35175
33514
41089
49080
18987
35434
47553
7331
33720
43846
10088
42225
49934
11401
1933
796
17299
38794
17076
33496
27878
31201
44766
48940
27188
46243
35148
35390
44676
33517
5617
6057
48605
49801
36309
13469
49975
35776
46645
32420
7134
27132
42008
21276
1507
25352
49341
11734
29550
33271
17168
5850
48798
43870
12667
31333
7568
12335
9769
28608
4542
707
36998
7918
12478
9139
25762
43378
23804
19106
16532
39274
45330
5210
34971
46524
34403
36386
12336
38555
43287
35466
38359
4518
35744
7075
3301
23869
6556
30269
12891
21361
47251
44077
33600
33415
16752
40795
27837
8393
18797
10918
28465
22937
34151
324
11397
41763
23888
2378
39434
12350
42979
4533
30846
36318
31426
43218
38302
16921
4843
29408
22613
10643
9705
38160
33555
27001
47415
40534
4777
11735
35855
20639
29616
35142
2784
40238
46665
3350
19231
30853
5791
899
10068
37004
43160
25543
46165
5025
34075
2636
27953
49485
14444
2380
34210
26319
34915
41287
29269
32423
32186
16912
26710
33841
15877
20325
12036
34971
49275
761
27139
39253
19171
5295
817
11732
43386
48149
27408
31683
38001
36555
19058
12695
835
39918
11843
37998
6340
10486
27120
21363
31317
49432
38245
7712
15987
22568
47140
18704
881
45839
16850
4559
39050
37477
4395
13761
28792
10972
48902
6204
30530
19992
10211
14580
9055
24958
1072
15281
34666
45800
27995
48286
33950
18227
15650
34880
31648
10021
38
4337
19084
39854
20446
14200
2568
41578
37528
28951
35189
23456
31514
3937
16755
39050
46391
35894
15316
18017
8749
13548
13753
8116
33658
2427
28296
8357
9055
37541
591
19296
26317
7937
32002
40185
49164
5363
29969
30769
17499
34825
117
11572
81
12420
35753
12754
28098
22321
43333
15913
30957
42259
35621
2635
17810
18031
20200
13553
641
20196
33876
49100
19597
24972